3.34550668784 -76.5316032061
3.34556355928 -76.5315942369
3.34558885139 -76.5315222958
3.3455127437 -76.5315074791
3.34542613693 -76.5314779641
3.34540477705 -76.5315660658

3.3454133447 -76.5315781727
3.34548157069 -76.531577521
3.34556810202 -76.531585425
3.34557240216 -76.5315093726
3.34549997171 -76.5315117405
3.34542193988 -76.5315101378

3.34541011382 -76.5315865533
3.3454868035 -76.5315873902
3.34556836072 -76.5315864747
3.34556645919 -76.5315057281
3.34548987667 -76.5315054338
3.34540954124 -76.5315021025

3.347928424 -76.53185725
3.34789514 -76.53176977
3.347883295 -76.53169703




3.34790508705 -76.5318267585
3.34789121597 -76.5317324253
3.34795108571 -76.5317740663S